Time	Temperature 1	Temperature 2	Temperature 3	Temperature 4
t	Temp 1	Temp 2	Temp 3	Temp 4
min 	°C 	°C 	°C 	°C 
0	25,9366065606	24,823211653	23,8017531186	23,080756172
0,5	26,6092703221	27,189298724	23,6854702985	22,9877340438
1	28,630179498	28,909750203	23,7086908787	23,1040082448
1,5	30,6617621248	29,912878999	23,6854702985	22,9179525814
2	32,4982831533	30,6149254167	23,7319104094	23,0575027276
2,5	34,1633586779	31,4600949828	23,7783463702	22,9644749922
3	35,6066461014	31,8605333631	23,8713964903	23,0109916755
3,5	36,969578877	32,5455736591	23,9178205524	23,1971936003
4	38,2266023009	33,2096628608	23,9642408426	22,8246994648
4,5	39,3743995587	33,8527745488	24,0338644119	23,080756172
5	40,4355999467	34,3309762751	24,1268737041	23,1040082448
5,5	41,3562344573	34,6186675734	24,2428788024	23,1739469051
6	42,2355611031	35,4856334199	24,3126625639	23,0575027276
6,5	43,0729298533	35,6550063927	24,4286371978	23,3366466476
7	43,840157141	36,0187452777	24,5215945941	23,0342478994
7,5	44,5351386558	35,9942880528	24,6143516729	23,1506988863
8	45,2104620729	36,4077894483	24,7070992867	23,1040082448
8,5	45,810418434	36,7984102047	24,8463946095	23,0342478994
9	46,3884299658	36,8961870273	24,9159406727	23,1040082448
9,5	46,9718431489	37,1902640846	25,0783899244	23,1040082448
10	47,4764467615	37,608431915	25,1711013233	23,0342478994
10,5	47,9569713134	37,9045774178	25,3335246043	22,9877340438
11	48,4412088204	38,3754062446	25,4495882724	22,9412145088
11,5	48,9009326151	38,6739243334	25,5654575963	23,1971936003
12	49,3060669609	38,99859579	25,6583408074	23,220438984
12,5	49,7143717365	38,9234590938	25,8205516882	23,0575027276
13	50,0960033712	39,0986016564	25,959779697	23,2436830681
13,5	50,4210379052	39,5755766279	26,0756467582	23,2436830681
14	50,8076417922	39,6007304801	26,1685327005	23,1040082448
14,5	51,1672489733	40,0298839828	26,3307580384	23,2436830681
15	51,4988245865	40,207052486	26,4468308056	23,080756172
15,5	51,8020944415	40,2579484096	26,5627215105	23,3600748815
16	52,13770551	40,5374946616	26,6788115483	23,7551289027
16,5	52,444721536	40,8435219519	26,8180959444	23,220438984
17	52,7535774092	41,2535112584	26,9340215258	23,220438984
17,5	53,0643103523	41,4076463913	27,073340736	23,1506988863
18	53,3143250857	41,6912304457	27,189298724	23,1274495319
18,5	53,6285337415	41,7689060348	27,3286610001	23,3134076423
19	53,8811211787	41,8981866483	27,3982570221	23,3134076423
19,5	54,1989328609	42,2095720121	27,584071845	23,2669258645
20	54,4547160465	42,365855444	27,6769047432	23,5925772473
20,5	54,7118400913	42,5222534001	27,8395883698	23,4762454805
21	54,937974153	42,915137498	27,9324634075	23,2669258645
21,5	55,1974062215	43,0464276401	28,1184546251	23,2901673853
22	55,4912137566	43,3365454711	28,1881483321	23,3366466476
22,5	55,7210420296	43,4686117543	28,3045184746	23,3600748815
23	55,9189617599	43,6276352802	28,4674123142	23,2901673853
23,5	56,1505988056	43,65413802	28,5604140687	23,4994760481
24	56,3170244773	43,8933346537	28,6534373899	23,1739469051
24,5	56,5509039938	43,7868026367	28,7234101494	23,3833114091
25	56,7520693114	44,1600572265	28,839742374	23,2669258645
25,5	56,9206483859	44,3472291045	28,9330255878	23,1971936003
26	57,1234203552	44,5619941936	29,0494256838	23,3833114091
26,5	57,2933563107	44,6697443829	29,1192846876	23,3833114091
27	57,4636405556	44,7505053785	29,2592377299	23,2901673853
27,5	57,634838176	45,0747560914	29,3992517388	23,1739469051
28	57,8063956428	45,0476928601	29,4458733545	23,7319104094
28,5	57,9788824063	45,2918873179	29,5391380386	23,1971936003
29	58,1863916588	45,5097440331	29,6326231412	23,3134076423
29,5	58,3603290305	45,6734515809	29,725947042	23,3134076423
30	58,5346516308	45,5642670154	29,7959600582	23,220438984
30,5	58,6748838147	45,7283376449	29,8895295022	23,4994760481
31	58,8152665972	45,892604874	30,0062971891	23,1739469051
31,5	58,9563791971	45,9200239387	30,123307793	23,1274495319
32	59,0622891779	46,1125154181	30,2168010549	23,3833114091
32,5	59,1684509686	46,3884299658	30,2635605885	23,3833114091
33	59,2748662483	46,3884299658	30,3339079857	23,8946089987
33,5	59,4174425691	46,4990466542	30,427480049	23,4065467209
34	59,5244566425	46,6100877949	30,5446879829	23,4297808288
34,5	59,6678392631	46,7766822565	30,5680981258	23,4762454805
35	59,8113940887	46,9718431489	30,6617621248	23,3134076423
35,5	59,9193678481	47,0276525493	30,6851840392	23,4065467209
36	60,0279033834	47,0555764159	30,8025217695	23,3366466476
36,5	60,1726399943	47,2516332512	30,9197286824	23,7319104094
37	60,3178564438	47,4764467615	30,9431775337	23,3366466476
37,5	60,4273851172	47,5608826141	31,0371905188	23,4762454805
38	60,536889952	47,5045788228	31,1075829708	23,5691608609
38,5	60,6466708971	47,5608826141	31,1779988066	23,4297808288
39	60,7570309385	47,7868622093	31,2721160193	23,3134076423
39,5	60,8673705765	47,8151411567	31,295603887	23,3600748815
40	61,0149288716	47,7868622093	31,342587709	23,3366466476
40,5	61,0888973666	48,0420936574	31,4130838343	23,5691608609
41	61,2003926274	48,1273393953	31,4837974258	23,4065467209
41,5	61,3118722376	48,3269639113	31,5308252972	23,3600748815
42	61,4236416106	48,4698051994	31,601388201	23,3366466476
42,5	61,5360093478	48,4984156937	31,6249148417	23,3833114091
43	61,648365136	48,4412088204	31,6955119467	23,3600748815
43,5	61,7234332503	48,4984156937	31,7898749726	23,3833114091
44	61,8362833426	48,6419160103	31,836977608	23,4530137447
44,5	61,9119922113	48,6132344099	31,8840920922	23,8017531186
45	62,0253432439	48,8721213634	31,9076538072	23,3833114091
45,5	62,1010787463	48,9297583999	31,9549794324	23,4762454805
46	62,1769495063	49,0163232354	32,0728637256	23,4762454805
46,5	62,2913227162	49,0741063108	32,0964497791	23,3134076423
47	62,4056926477	49,1611285717	32,1436311758	23,4762454805
47,5	62,4821114325	49,1611285717	32,2146201429	23,5925772473
48	62,5586687121	49,4516172399	32,2382249565	23,4297808288
48,5	62,6740806565	49,4516172399	32,30905843	23,3833114091
49	62,7509876428	49,6264900808	32,3562967255	23,4762454805
49,5	62,8280354531	49,5973066346	32,3326759718	23,4530137447
50	62,9052247616	49,7143717365	32,4510058308	23,2669258645
50,5	62,9825562472	49,7143717365	32,4746428502	23,3833114091
51	63,0603484056	49,7436165209	32,5219267523	23,4762454805
51,5	63,176830178	49,9487622861	32,5455736591	23,9410311631
52	63,2546652861	49,8900717166	32,616534346	23,4994760481
52,5	63,3326456836	49,8607497405	32,6640522079	23,2436830681
53	63,4110925654	49,9783717315	32,7587407423	23,2901673853
53,5	63,4893662592	50,1549135274	32,7587407423	23,3833114091
54	63,5677873697	50,2433973761	32,8297930974	23,4065467209
54,5	63,6463566143	50,2138869034	32,8771786364	23,5227054594
55	63,7250747152	50,4210379052	32,8771786364	23,4297808288
55,5	63,8042659365	50,3914314439	32,9484774581	23,3366466476
56	63,8437564093	50,569555543	32,9958981236	23,3134076423
56,5	63,9228504616	50,5992591301	33,0196137744	23,3833114091
57	64,0020959392	50,6884676815	33,0670557728	23,2669258645
57,5	64,0417756948	50,6884676815	33,0907821447	23,2901673853
58	64,1212497072	50,6289789942	33,1384402474	23,4530137447
58,5	64,2012036726	50,9572261403	33,1621774798	23,3366466476
59	64,2809856649	50,9572261403	33,2096628608	23,4994760481
59,5	64,360922474	50,9871439806	33,2571628784	23,4994760481
60	64,4009491744	51,0170785196	33,2809184064	23,9410311631
60,5	64,4811196486	51,1972845371	33,3284405621	23,4762454805
61	64,5614468669	51,2574064911	33,3522072143	23,4065467209
61,5	64,6019993553	51,1672489733	33,4237245314	23,3833114091
62	64,682563803	51,2273370319	33,4237245314	23,3366466476
62,5	64,7229054928	51,4381813814	33,4712916871	23,4762454805
63	64,7632869583	51,4686180575	33,542670907	23,5459337264
63,5	64,8037082991	51,4686180575	33,5664716259	23,5459337264
64	64,8441696148	51,4686180575	33,614279773	23,7551289027
64,5	64,9252125713	51,4686180575	33,6380920908	23,4994760481
65	64,9657944132	51,5290483846	33,6857283802	23,3833114091
65,5	65,0067497684	51,7717135287	33,7095523766	23,5691608609
66	65,0881164092	51,6501169531	33,7572121347	23,7086908787
66,5	65,1696457834	51,7411013888	33,7810479212	23,6854702985
67	65,1696457834	51,8020944415	33,8048876626	23,4297808288
67,5	65,2513387123	51,8933430096	33,8527745488	24,0338644119
68	65,2922467679	51,9847510598	33,9004819799	24,0572606946
68,5	65,3741865811	51,9237945925	33,9482054795	23,5459337264
69	65,4155550466	52,0457788317	33,9720732862	23,7086908787
69,5	65,4566288668	51,9237945925	33,9959451475	23,6390259428
70	65,5389014711	52,0457788317	34,0437010836	23,4994760481
70,5	65,580100467	52,2295439696	34,0916692099	24,0572606946
71	65,6213414005	52,2295439696	34,1155615653	23,7783463702
71,5	65,6626243784	52,3522489946	34,1872634602	23,5691608609
72	65,7039495081	52,2908601122	34,2111724099	23,6158021434
72,5	65,7867266534	52,2908601122	34,2590028619	23,7783463702
73	65,8285188335	52,4754984884	34,2829243893	23,6854702985
73,5	65,8700139993	52,2601929665	34,3309762751	23,4994760481
74	65,8700139993	52,506293845	34,3549105286	23,7551289027
74,5	65,9115518594	52,5371076429	34,4027918155	23,4994760481
75	65,9947561014	52,7535774092	34,4267388742	23,8017531186
75,5	65,9947561014	52,6296600533	34,4986058633	23,5925772473
76	66,0364227034	52,5679399189	34,4986058633	23,5925772473
76,5	66,0781324401	52,6917079547	34,546538827	23,7319104094
77	66,1198854227	52,6296600533	34,5707083565	23,5925772473
77,5	66,1616817626	52,6296600533	34,5946857735	23,7086908787
78	66,245748449	52,8155218207	34,6186675734	23,5925772473
78,5	66,245748449	52,7535774092	34,6426537687	23,6158021434
79	66,2876758922	52,9085796417	34,6906393968	23,6390259428
79,5	66,3716623163	52,8465222294	34,6906393968	23,6158021434
80	66,3716623163	53,0643103523	34,7146388551	23,6622486572
80,5	66,4558248826	52,8775414904	34,7626511242	23,8713964903
81	66,4979725051	53,1578252156	34,7866639607	23,7551289027
81,5	66,4979725051	53,002062773	34,8108781639	23,7319104094
82	66,5401645071	52,9707127668	34,8589263869	23,7319104094
82,5	66,6246821123	53,1266344105	34,8829572773	23,6390259428
83	66,6246821123	53,2515131994	34,9069927043	23,7319104094
83,5	66,7097261136	53,2515131994	34,9310326805	23,8713964903
84	66,7521421236	53,3143250857	34,9791263325	23,8946089987
84,5	66,7946032135	53,2515131994	35,0272383364	23,5691608609
85	66,8371095014	53,3456320473	35,0514985088	24,0106574553
85,5	66,8796611058	53,40830442	35,0755660898	23,7319104094
86	66,9222581456	53,40830442	35,0996383106	23,7319104094
86,5	66,9649007402	53,5024596947	35,1237151841	23,9874496028
87	67,0075890093	53,5653281507	35,1959738511	23,8481830153
87,5	67,0075890093	53,5338840689	35,1959738511	23,8713964903
88	67,0503230732	53,5024596947	35,1959738511	23,8481830153
88,5	67,0934538981	53,6285337415	35,2441697977	23,7783463702
89	67,1791528445	53,5653281507	35,2682748605	23,9410311631
89,5	67,1791528445	53,7862508655	35,2682748605	23,8017531186
90	67,2650369155	53,7546675425	35,2925823081	23,7086908787
90,5	67,3080486792	53,9127848672	35,3408162831	23,7551289027
91	67,3080486792	53,7546675425	35,3649404386	23,7319104094
91,5	67,3511070926	53,8178542187	35,3649404386	23,6390259428
92	67,3942122796	53,8178542187	35,3890693902	23,8481830153
92,5	67,4373643643	53,8178542187	35,4373417342	24,3126625639
93	67,4373643643	53,7862508655	35,413203151	23,6854702985
93,5	67,4373643643	53,8494776428	35,4614851527	23,9410311631
94	67,4805634716	53,9447285369	35,4856334199	23,5925772473
94,5	67,5241643992	54,0081573793	35,5097865487	23,7783463702
95	67,5674583155	54,0399022564	35,534142589	23,6854702985
95,5	67,6107996322	54,1670857719	35,534142589	23,5691608609
96	67,654188476	54,1352592087	35,5583055208	23,8481830153
96,5	67,654188476	54,1670857719	35,6066461014	23,7086908787
97	67,6976249738	54,0716674926	35,6066461014	23,824968562
97,5	67,7411092533	54,1352592087	35,6550063927	23,7319104094
98	67,7411092533	54,1352592087	35,6550063927	23,7319104094
98,5	67,8282216695	54,2629502491	35,7033865004	23,6622486572
99	67,8718500637	54,1989328609	35,7033865004	23,8713964903
99,5	67,8718500637	54,2308005178	35,7275840184	23,6390259428
100	67,9155267544	54,3267891201	35,7761924923	23,6390259428
100,5	67,9596104745	54,3907109392	35,8004050729	23,824968562
101	68,0033845469	54,3907109392	35,8246226873	24,0106574553
101,5	68,047207308	54,48674994	35,8246226873	23,824968562
102	68,0910788893	54,4547160465	35,8488453487	23,8481830153
102,5	68,0910788893	54,48674994	35,8973058661	23,824968562
103	68,0910788893	54,4227030605	35,9457867319	24,0106574553
103,5	68,1349994227	54,4547160465	35,9457867319	23,5691608609
104	68,1789690405	54,48674994	35,9700348287	23,6854702985
104,5	68,1789690405	54,6153587975	35,9942880528	23,7551289027
105	68,2229878756	54,5508806211	36,0430088387	23,8481830153
105,5	68,2229878756	54,6796584641	36,0672775671	23,6622486572
106	68,2670560614	54,5832406711	36,0672775671	23,7783463702
106,5	68,2670560614	54,5508806211	36,0915514764	23,9178205524
107	68,3111737319	54,6796584641	36,0672775671	23,7783463702
107,5	68,3553410213	54,7762671514	36,1158305801	23,6158021434
108	68,3553410213	54,8407795784	36,1401148917	23,6622486572
108,5	68,3999207053	54,9703272211	36,1644044245	23,8481830153
109	68,3999207053	54,8730679145	36,1886991922	23,7319104094
109,5	68,3999207053	54,8085126721	36,1886991922	24,1268737041
110	68,3553410213	54,6474980474	36,2129992081	23,9642408426
110,5	68,3999207053	54,7118400913	36,2129992081	23,6622486572
111	68,3553410213	54,8407795784	36,2373044859	23,8946089987
111,5	68,3553410213	54,8407795784	36,2373044859	23,7086908787
112	68,3553410213	54,8407795784	36,2861302128	23,9874496028
112,5	68,3553410213	54,8407795784	36,2618143276	23,7551289027
113	68,3553410213	54,8730679145	36,3104514006	23,6854702985
113,5	68,3999207053	54,905642648	36,359109738	23,4065467209
114	68,4441880474	54,937974153	36,359109738	23,7086908787
114,5	68,4441880474	55,0027018968	36,359109738	23,6854702985
115	68,4441880474	54,937974153	36,4077894483	24,6143516729
115,5	68,4885054159	54,9703272211	36,3347779045	23,5227054594
116	68,4885054159	54,8407795784	36,3834469147	23,4994760481
116,5	68,4885054159	54,7762671514	36,3347779045	23,5459337264
117	68,4885054159	54,8730679145	36,3347779045	23,8481830153
117,5	68,4441880474	54,937974153	36,359109738	24,1964791803
118	68,4441880474	54,9703272211	36,3347779045	23,6854702985
118,5	68,4885054159	54,905642648	36,3347779045	23,7319104094
119	68,4885054159	55,0350982249	36,3834469147	23,7783463702
119,5	68,5328729473	55,0675162501	36,359109738	23,5459337264
120	68,5328729473	55,1324175715	36,3834469147	23,6854702985
120,5	68,5328729473	54,9703272211	36,3834469147	24,2428788024
121	68,5772907784	55,0027018968	36,3347779045	23,9874496028
121,5	68,5772907784	55,0675162501	36,359109738	23,7086908787
122	68,5328729473	55,0675162501	36,4077894483	23,5459337264
122,5	68,5772907784	55,0675162501	36,3834469147	23,6622486572
123	68,5772907784	55,0350982249	36,4077894483	23,7319104094
123,5	68,5772907784	55,0350982249	36,4321373523	23,7551289027
124	68,5772907784	54,937974153	36,4321373523	23,7319104094
124,5	68,5772907784	54,9703272211	36,4321373523	23,6854702985
125	68,5772907784	55,0350982249	36,4077894483	23,824968562
125,5	68,5772907784	55,0350982249	36,4564906404	23,5459337264
126	68,621795517	55,0675162501	36,4808493262	24,0106574553
126,5	68,5772907784	55,1649009578	36,4564906404	23,5691608609
127	68,621795517	55,1324175715	36,4564906404	23,9410311631
127,5	68,621795517	55,0999560173	36,4808493262	23,8713964903
128	68,666350914	55,0027018968	36,5054131514	24,0572606946
128,5	68,621795517	55,0999560173	36,5054131514	24,1036702202
129	68,666350914	55,0027018968	36,5297827182	23,7551289027
129,5	68,666350914	55,1974062215	36,5541577237	23,7551289027
130	68,621795517	55,1649009578	36,6029241061	23,6390259428
130,5	68,666350914	55,1974062215	36,6029241061	23,7319104094
131	68,666350914	55,1649009578	36,6029241061	23,8713964903
131,5	68,666350914	55,3279142073	36,6273155103	23,8713964903
132	68,666350914	55,2302001148	36,5785381818	23,824968562
132,5	68,666350914	55,2627494496	36,6273155103	23,7086908787
133	68,7109571082	55,1324175715	36,6029241061	23,8017531186
133,5	68,7109571082	55,2953207986	36,6517124083	23,7319104094
134	68,666350914	55,1324175715	36,6517124083	23,7783463702
134,5	68,666350914	55,2627494496	36,6761148137	23,7783463702
135	68,7109571082	55,1324175715	36,7005227403	23,8713964903
135,5	68,7109571082	55,1649009578	36,7249362019	23,7783463702
136	68,7109571082	55,1324175715	36,7005227403	23,7319104094
136,5	68,7556142392	55,1324175715	36,7249362019	23,7551289027
137	68,7109571082	55,1649009578	36,7249362019	23,6854702985
137,5	68,7556142392	55,2302001148	36,7739800096	23,6622486572
138	68,8003224468	55,2302001148	36,7739800096	23,6622486572
138,5	68,8003224468	55,2953207986	36,749555391	24,0106574553
139	68,8003224468	55,2953207986	36,7739800096	23,7783463702
139,5	68,8003224468	55,2302001148	36,8228459902	23,824968562
140	68,8003224468	55,3931673878	36,7984102047	23,7086908787
140,5	68,8003224468	55,3931673878	36,8228459902	24,0106574553
141	68,8003224468	55,2953207986	36,8472873799	23,824968562
141,5	68,8003224468	55,3279142073	36,8472873799	24,3590545653
142	68,8003224468	55,3931673878	36,8717343876	23,4994760481
142,5	68,8003224468	55,3931673878	36,8472873799	23,9874496028
143	68,8003224468	55,3605297218	36,8961870273	23,8481830153
143,5	68,8003224468	55,2627494496	36,8717343876	23,6390259428
144	68,8003224468	55,1974062215	36,9206453128	23,9178205524
144,5	68,8003224468	55,4258272515	36,8961870273	23,9178205524
145	68,8450818717	55,3279142073	36,8961870273	24,0106574553
145,5	68,8450818717	55,3279142073	36,9451092581	23,9410311631
146	68,8898926547	55,3931673878	36,969578877	24,0804658877
146,5	68,8898926547	55,3605297218	36,969578877	24,3126625639
147	68,9347549376	55,5239404908	36,9942548244	24,0106574553
147,5	68,9347549376	55,4912137566	36,9942548244	24,4518300234
148	68,9796688624	55,3931673878	36,9942548244	23,9410311631
148,5	68,9796688624	55,4912137566	37,0187358792	24,1732781724
149	68,9796688624	55,5569581361	36,9942548244	23,9410311631
149,5	68,9796688624	55,622524075	37,0432226497	23,8713964903
150	69,0246345718	55,4258272515	37,0432226497	24,2428788024
150,5	69,0696522091	55,5239404908	37,0677151498	23,5691608609
151	69,0246345718	55,5569581361	37,0677151498	23,8946089987
151,5	69,0696522091	55,5897298671	37,0432226497	23,9642408426
152	69,0696522091	55,5239404908	37,0677151498	24,1732781724
152,5	69,0696522091	55,6553408067	37,0677151498	23,824968562
153	69,0696522091	55,4258272515	37,0677151498	23,6622486572
153,5	69,0696522091	55,4912137566	37,0922133935	23,6622486572
154	69,0696522091	55,4912137566	37,0922133935	23,8017531186
154,5	69,0696522091	55,5897298671	37,0677151498	23,7086908787
155	69,1147219181	55,622524075	37,0922133935	23,6158021434
155,5	69,1147219181	55,5897298671	37,1167173948	23,8017531186
156	69,1147219181	55,5569581361	37,1167173948	23,9874496028
156,5	69,1147219181	55,5569581361	37,1167173948	23,9874496028
157	69,159843843	55,6553408067	37,1167173948	24,1732781724
157,5	69,1147219181	55,6553408067	37,1412271677	23,824968562
158	69,1147219181	55,7210420296	37,1657427263	23,5691608609
158,5	69,1147219181	55,622524075	37,1657427263	23,8481830153
159	69,1147219181	55,622524075	37,1902640846	23,8713964903
159,5	69,1147219181	55,5239404908	37,1657427263	23,9178205524
160	69,159843843	55,5569581361	37,1902640846	23,7551289027
160,5	69,159843843	55,6553408067	37,1902640846	24,2894654542
161	69,159843843	55,7210420296	37,1902640846	24,0338644119
161,5	69,159843843	55,5897298671	37,2147912568	23,9874496028
162	69,159843843	55,5897298671	37,239525371	23,9874496028
162,5	69,2050181289	55,6881801092	37,239525371	24,0804658877
163	69,2050181289	55,6553408067	37,288609007	24,2428788024
163,5	69,159843843	55,6553408067	37,288609007	24,0804658877
164	69,2050181289	55,7539266153	37,288609007	24,1500763509
164,5	69,2502449211	55,7210420296	37,288609007	24,0106574553
165	69,2502449211	55,7539266153	37,288609007	23,824968562
165,5	69,2502449211	55,7868339135	37,288609007	23,9642408426
166	69,2502449211	55,885962947	37,2640642609	23,9178205524
166,5	69,2050181289	55,6881801092	37,3131596234	23,8017531186
167	69,2050181289	55,7868339135	37,3377161243	23,6390259428
167,5	69,2502449211	55,8197639719	37,3377161243	24,0572606946
168	69,2502449211	55,9189617599	37,3131596234	23,4994760481
168,5	69,2502449211	55,7868339135	37,3377161243	23,3833114091
169	69,2955243657	55,852716838	37,3377161243	23,5925772473
169,5	69,2955243657	55,885962947	37,3131596234	23,4762454805
170	69,2955243657	55,7539266153	37,3377161243	23,4762454805
170,5	69,2955243657	55,8197639719	37,3377161243	23,4994760481
171	69,2502449211	55,7539266153	37,3377161243	23,4530137447
171,5	69,2955243657	55,852716838	37,3377161243	23,5227054594
172	69,2502449211	55,852716838	37,3622785237	23,6390259428
172,5	69,2955243657	55,7539266153	37,3377161243	23,5459337264
173	69,2955243657	55,8197639719	37,3131596234	23,4065467209
173,5	69,2955243657	55,885962947	37,3622785237	23,4994760481
174	69,3862417993	55,9189617599	37,3377161243	23,7319104094
174,5	69,3408566094	55,8197639719	37,3377161243	23,7551289027
175	69,3408566094	56,0180961023	37,3377161243	23,5227054594
175,5	69,3408566094	55,8197639719	37,3377161243	23,9874496028
176	69,3408566094	55,8197639719	37,3622785237	23,4530137447
176,5	69,3408566094	55,9850282894	37,386846836	23,7086908787
177	69,3408566094	55,8197639719	37,386846836	23,6158021434
177,5	69,3408566094	55,852716838	37,3622785237	23,4065467209
178	69,3862417993	55,885962947	37,386846836	23,5227054594
178,5	69,3862417993	55,9189617599	37,3622785237	23,5691608609
179	69,3408566094	55,9189617599	37,4114210753	23,6854702985
179,5	69,3862417993	55,7868339135	37,386846836	23,6390259428
180	69,4316800831	55,9850282894	37,386846836	23,4297808288
